3  4  0
3  8  0
2  8  0
3  4  0
-  0  0

3  8  0
3  16  0
5  16  0
3  8  0
2  8  0
3  4  0
-  4  0

1  4  0
1  8  0
2  8  0
3  8  0
5  16  0
3  16  0
3  4  0

2  4  0
2  8  0
1  8  0
2  4  0
-  4  0

3  4  0
.  0  0
5  16  0
3  16  0
6  8  0
5  4  0
.  0  0

6  8  0
5  8  0
5  8  0
3  8  0
5  4  0
.  0  0
5  8  0

3  4  0
2  8  0
3  8  0
5  4  0
3  8  0
2  8  0

2  4  0
2  8  0
1  8  0
2  4  0
-  0  0

3  4  0
3  8  0
2  8  0
3  4  0
-  0  0

3  8  0
3  16  0
5  16  0
3  8  0
2  8  0
3  4  0
-  4  0

1  4  0
1  8  0
2  8  0
3  8  0
5  16  0
3  16  0
3  4  0

2  4  0
2  8  0
1  8  0
2  4  0
-  4  0

3  4  0
.  0  0
5  16  0
3  16  0
6  8  0
5  4  0
.  0  0

6  8  0
5  8  0
5  8  0
3  8  0
5  4  0
-  0  0

0  8  0
3  8  0
2  8  0
3  8  0
5  4  0
3  8  0
2  8  0

2  8  0
1  8  0
1  4  0
-  0  0
0  4  0

